0 0.124375 0.79375 0.10125 0.33125
1 0.305 0.49375 0.065 0.2
1 0.835625 0.478125 0.05625 0.1875
0 0.49625 0.3609375 0.045 0.140625
1 0.945625 0.7671875 0.09875 0.321875
0 0.7675 0.384375 0.0425 0.14375
1 0.3675 0.4140625 0.0425 0.159375
0 0.654375 0.253125 0.02625 0.1
1 0.709375 0.2828125 0.03125 0.115625
0 0.419375 0.3046875 0.03125 0.121875
0 0.853125 0.3625 0.03375 0.125
0 0.890625 0.321875 0.02875 0.10625
0 0.64875 0.2046875 0.0275 0.096875
1 0.49375 0.2078125 0.0175 0.071875
0 0.56125 0.184375 0.0125 0.05
1 0.603125 0.1640625 0.02625 0.084375
1 0.39875 0.1953125 0.015 0.065625
1 0.2925 0.2078125 0.0175 0.071875
0 0.481875 0.1921875 0.01125 0.059375
0 0.3325 0.1875 0.015 0.0625
0 0.24125 0.2015625 0.0175 0.071875
1 0.13875 0.19375 0.0175 0.06875
0 0.09625 0.209375 0.0175 0.06875
0 0.058125 0.1875 0.01375 0.05625
