0 0.329375 0.5890625 0.07375 0.228125
0 0.05625 0.4109375 0.04 0.153125
1 0.3625 0.3 0.0275 0.1
1 0.85625 0.440625 0.05 0.16875
0 0.199375 0.34375 0.03375 0.10625
1 0.805 0.2515625 0.02 0.090625
1 0.53875 0.2578125 0.02 0.071875
0 0.41 0.25625 0.0175 0.06875
1 0.28375 0.25 0.0175 0.06875
1 0.1625 0.2875 0.0225 0.08125
1 0.915 0.1984375 0.0375 0.103125
0 0.206875 0.271875 0.01625 0.075
1 0.1975 0.2796875 0.0175 0.065625
0 0.040625 0.2953125 0.02125 0.084375
0 0.059375 0.3078125 0.02125 0.084375
0 0.226875 0.2640625 0.01125 0.059375
