0 0.7275 0.49324324 0.065 0.11824324
0 0.5075 0.48817568 0.0475 0.08783784
0 0.4575 0.47719595 0.03 0.05912162
0 0.548125 0.47043919 0.02625 0.04898649
1 0.394375 0.48648649 0.03375 0.06756757
1 0.099375 0.49577703 0.02875 0.05912162
0 0.60375 0.46452703 0.0225 0.04391892
1 0.3225 0.47635135 0.02 0.04054054
1 0.415 0.46790541 0.0175 0.03716216
0 0.61625 0.46199324 0.015 0.03547297
0 0.5825 0.45945946 0.015 0.03040541
1 0.218125 0.4839527 0.02625 0.04898649
0 0.2925 0.47128378 0.01 0.02364865
1 0.03125 0.50422297 0.0375 0.06925676
1 0.044375 0.48648649 0.01375 0.02702703
