0 0.174375 0.546875 0.04375 0.13125
0 0.076875 0.8140625 0.07625 0.228125
1 0.073125 0.41875 0.02625 0.075
0 0.21875 0.4140625 0.0225 0.071875
1 0.42125 0.4796875 0.04 0.071875
1 0.500625 0.471875 0.03875 0.075
0 0.509375 0.375 0.01625 0.06875
1 0.485 0.375 0.025 0.05
0 0.548125 0.1734375 0.01875 0.078125
1 0.5225 0.275 0.0175 0.06875
1 0.015 0.4859375 0.025 0.090625
1 0.41875 0.425 0.0225 0.0625
0 0.469375 0.271875 0.01125 0.04375
1 0.47 0.359375 0.015 0.05625
0 0.210625 0.35 0.01125 0.04375
1 0.104375 0.371875 0.01625 0.05
1 0.09 0.3515625 0.0125 0.040625
0 0.223125 0.334375 0.01125 0.0375
0 0.223125 0.378125 0.01625 0.05
1 0.40875 0.44375 0.035 0.0625
1 0.15125 0.3125 0.01 0.03125
0 0.458125 0.34375 0.01125 0.04375
1 0.108125 0.3359375 0.01125 0.034375
1 0.119375 0.3234375 0.01125 0.034375
1 0.170625 0.30625 0.00875 0.025
0 0.206875 0.328125 0.00875 0.03125
0 0.2 0.321875 0.0075 0.03125
1 0.435625 0.2671875 0.00875 0.040625
1 0.4675 0.109375 0.0125 0.04375
1 0.0925 0.309375 0.0075 0.025
1 0.20875 0.2984375 0.0075 0.021875
1 0.1775 0.2953125 0.0075 0.021875
1 0.21625 0.29375 0.0075 0.025
1 0.238125 0.296875 0.00875 0.025
1 0.135 0.2984375 0.0075 0.021875
1 0.0475 0.3265625 0.01 0.034375
1 0.0825 0.3515625 0.0075 0.046875
