1 0.555625 0.46283784 0.03125 0.05743243
0 0.13625 0.54054054 0.0625 0.09121622
0 0.1775 0.47043919 0.0275 0.05574324
1 0.476875 0.43074324 0.02125 0.04054054
0 0.1525 0.44172297 0.02 0.03885135
1 0.750625 0.54814189 0.04375 0.11317568
1 0.37625 0.40962838 0.02 0.03209459
0 0.021875 0.41722973 0.01375 0.02702703
0 0.084375 0.42820946 0.01875 0.03209459
1 0.25625 0.39949324 0.015 0.02871622
1 0.048125 0.38766892 0.01125 0.01858108
1 0.1425 0.39273649 0.015 0.02195946
1 0.75125 0.35219595 0.01 0.01858108
