1 0.040625 0.86180556 0.05625 0.1625
1 0.87578125 0.66111111 0.04375 0.125
1 0.23007812 0.55625 0.02421875 0.0625
1 0.18398438 0.55972222 0.02265625 0.06111111
1 0.86875 0.45069444 0.0171875 0.05416667
1 0.7390625 0.48333333 0.0234375 0.06388889
1 0.78007812 0.47777778 0.02421875 0.05833333
1 0.82460937 0.4625 0.02109375 0.05833333
1 0.89414063 0.44652778 0.01953125 0.04861111
1 0.15078125 0.5625 0.021875 0.06388889
1 0.91875 0.4375 0.021875 0.04722222
1 0.41953125 0.43402778 0.0125 0.02916667
1 0.62304688 0.43819444 0.01796875 0.04027778
1 0.634375 0.40486111 0.0140625 0.03194444
1 0.38203125 0.46458333 0.0203125 0.04305556
