0 0.076875 0.815625 0.07875 0.23125
1 0.499375 0.4734375 0.03875 0.078125
0 0.173125 0.5421875 0.04875 0.134375
1 0.015625 0.484375 0.02875 0.0875
1 0.07375 0.415625 0.025 0.06875
1 0.421875 0.48125 0.04625 0.08125
0 0.54875 0.1734375 0.02 0.078125
0 0.219375 0.4125 0.02375 0.075
1 0.489375 0.3984375 0.02125 0.053125
1 0.4175 0.428125 0.0225 0.06875
0 0.469375 0.26875 0.01375 0.05
0 0.508125 0.375 0.01625 0.06875
1 0.10375 0.371875 0.0175 0.05625
1 0.521875 0.28125 0.02375 0.06875
1 0.435 0.2640625 0.0125 0.046875
0 0.221875 0.3328125 0.01375 0.040625
0 0.21 0.35625 0.015 0.05625
0 0.47625 0.346875 0.015 0.05625
0 0.46 0.3390625 0.015 0.053125
1 0.15125 0.3171875 0.015 0.040625
0 0.2225 0.3765625 0.02 0.059375
1 0.119375 0.3234375 0.01375 0.040625
1 0.09125 0.3546875 0.01 0.040625
1 0.170625 0.30625 0.00875 0.03125
1 0.4675 0.1109375 0.015 0.040625
1 0.083125 0.353125 0.00875 0.04375
0 0.20625 0.3265625 0.0075 0.028125
1 0.405 0.44375 0.035 0.075
1 0.20875 0.2984375 0.0075 0.028125
1 0.1075 0.334375 0.01 0.03125
1 0.0475 0.3296875 0.0075 0.028125
1 0.483125 0.378125 0.02375 0.04375
1 0.0925 0.3109375 0.0075 0.028125
1 0.23875 0.2953125 0.0075 0.021875
1 0.21625 0.29375 0.0075 0.025
1 0.176875 0.29375 0.00875 0.03125
1 0.135 0.3 0.0075 0.025
