1 0.6875 0.53293919 0.0825 0.1402027
1 0.345625 0.55320946 0.09625 0.1875
1 0.880625 0.5152027 0.06375 0.10472973
1 0.570625 0.47550676 0.01625 0.03209459
1 0.48875 0.47635135 0.015 0.03040541
0 0.45875 0.47297297 0.01 0.02702703
0 0.556875 0.46959459 0.01125 0.02027027
1 0.628125 0.47381757 0.01625 0.02533784
0 0.5175 0.47212838 0.01 0.02195946
1 0.395 0.47804054 0.0175 0.03378378
1 0.22625 0.47888514 0.015 0.03209459
0 0.244375 0.47381757 0.01125 0.02195946
0 0.184375 0.47297297 0.01125 0.02027027
1 0.170625 0.47804054 0.01375 0.02702703
0 0.600625 0.46706081 0.01125 0.02533784
1 0.74 0.47381757 0.015 0.02533784
1 0.081875 0.47635135 0.01375 0.02364865
1 0.96875 0.47128378 0.015 0.02364865
0 0.985625 0.46368243 0.01125 0.02195946
1 0.83 0.47128378 0.0175 0.02364865
0 0.920625 0.46790541 0.00875 0.02364865
0 0.751875 0.46706081 0.01125 0.02195946
0 0.8125 0.46706081 0.01 0.02195946
1 0.130625 0.47635135 0.01625 0.03040541
1 0.03625 0.47550676 0.0125 0.02195946
0 0.1175 0.47466216 0.015 0.02027027
0 0.06375 0.47297297 0.01 0.02027027
0 0.36875 0.47381757 0.0125 0.02871622
1 0.67125 0.47128378 0.015 0.02702703
