0 0.62375 0.384375 0.04 0.15
0 0.543125 0.3171875 0.03375 0.109375
1 0.694375 0.28125 0.03875 0.14375
0 0.771875 0.7265625 0.07875 0.278125
0 0.1825 0.4671875 0.0475 0.165625
1 0.069375 0.76875 0.08875 0.29375
0 0.769375 0.5265625 0.06375 0.215625
0 0.265 0.303125 0.0275 0.1
0 0.30125 0.265625 0.0225 0.0875
1 0.130625 0.3171875 0.03375 0.128125
1 0.19375 0.240625 0.0275 0.1
0 0.51625 0.278125 0.03 0.1
0 0.526875 0.2109375 0.02125 0.071875
1 0.370625 0.240625 0.01875 0.06875
1 0.246875 0.2265625 0.02125 0.078125
1 0.58625 0.2296875 0.0175 0.071875
0 0.561875 0.1953125 0.01375 0.059375
1 0.63875 0.221875 0.015 0.0625
1 0.93125 0.0453125 0.0175 0.065625
