0 0.674375 0.3703125 0.05125 0.146875
1 0.384375 0.515625 0.06125 0.20625
1 0.131875 0.3125 0.03625 0.11875
1 0.4725 0.2171875 0.025 0.084375
0 0.544375 0.1921875 0.02125 0.071875
1 0.856875 0.2734375 0.03125 0.115625
0 0.66625 0.1703125 0.0175 0.065625
0 0.733125 0.15 0.01375 0.0625
1 0.8575 0.20625 0.0225 0.0875
0 0.836875 0.1296875 0.01125 0.046875
1 0.1175 0.859375 0.0675 0.275
0 0.9175 0.1140625 0.0125 0.046875
0 0.886875 0.11875 0.01125 0.04375
0 0.805 0.1078125 0.01 0.040625
1 0.8575 0.109375 0.01 0.04375
1 0.945625 0.1578125 0.01875 0.078125
1 0.225 0.1234375 0.01 0.046875
0 0.17 0.13125 0.01 0.04375
0 0.081875 0.1421875 0.01375 0.053125
0 0.751875 0.10625 0.01125 0.0375
0 0.785 0.1 0.0125 0.0375
1 0.683125 0.1078125 0.01125 0.040625
1 0.234375 0.11875 0.00875 0.0375
1 0.305625 0.11875 0.00875 0.04375
1 0.363125 0.1140625 0.00875 0.040625
1 0.3425 0.11875 0.01 0.04375
1 0.21125 0.1265625 0.0075 0.046875
1 0.5725 0.109375 0.01 0.0375
0 0.655 0.109375 0.01 0.03125
0 0.455625 0.109375 0.01375 0.03125
1 0.9625 0.1046875 0.01 0.053125
1 0.866875 0.1765625 0.01625 0.071875
