1 0.499375 0.471875 0.04375 0.075
1 0.420625 0.478125 0.04375 0.06875
0 0.36625 0.4625 0.0375 0.075
0 0.0775 0.8125 0.075 0.23125
0 0.175 0.546875 0.0475 0.13125
0 0.51 0.378125 0.02 0.0625
0 0.54875 0.1765625 0.0175 0.071875
1 0.5225 0.278125 0.015 0.05625
1 0.40875 0.4390625 0.035 0.065625
1 0.47 0.359375 0.015 0.05625
1 0.495 0.2921875 0.02 0.059375
0 0.219375 0.4125 0.02375 0.075
0 0.46875 0.2734375 0.01 0.040625
1 0.01375 0.484375 0.025 0.09375
1 0.07375 0.415625 0.025 0.06875
1 0.103125 0.3734375 0.01625 0.053125
0 0.210625 0.3546875 0.01375 0.053125
0 0.223125 0.378125 0.01875 0.05
0 0.223125 0.3375 0.01125 0.04375
1 0.120625 0.325 0.01375 0.0375
1 0.151875 0.315625 0.01125 0.03125
1 0.08875 0.353125 0.0125 0.04375
1 0.20875 0.3 0.0075 0.03125
1 0.1075 0.334375 0.0125 0.03125
1 0.17125 0.3078125 0.01 0.028125
