0 0.75625 0.578125 0.085 0.25
1 0.540625 0.3734375 0.04375 0.153125
0 0.763125 0.2953125 0.04125 0.128125
0 0.303125 0.290625 0.02875 0.11875
0 0.38625 0.2046875 0.0225 0.078125
1 0.4975 0.19375 0.025 0.075
1 0.823125 0.2078125 0.02625 0.084375
1 0.17125 0.1828125 0.02 0.071875
0 0.255 0.16875 0.015 0.0625
1 0.31375 0.2375 0.0275 0.09375
0 0.014375 0.2203125 0.02875 0.084375
0 0.880625 0.165625 0.02125 0.05625
0 0.85625 0.11875 0.0125 0.05625
1 0.840625 0.1 0.01125 0.04375
1 0.974375 0.096875 0.00875 0.0375
0 0.92625 0.1109375 0.0175 0.053125
0 0.990625 0.1015625 0.01125 0.040625
1 0.965625 0.0953125 0.00875 0.034375
