0 0.850625 0.265625 0.02875 0.1
1 0.330625 0.315625 0.03375 0.11875
1 0.06875 0.4203125 0.05 0.165625
1 0.165625 0.35625 0.03875 0.13125
0 0.6375 0.2828125 0.03 0.103125
0 0.975625 0.46875 0.04375 0.1875
0 0.380625 0.190625 0.01375 0.0625
1 0.52 0.1984375 0.015 0.059375
0 0.431875 0.178125 0.01375 0.05625
0 0.544375 0.184375 0.01375 0.05625
1 0.761875 0.18125 0.01625 0.0625
1 0.785625 0.1984375 0.01875 0.065625
1 0.6225 0.1984375 0.0175 0.065625
1 0.99 0.1953125 0.0125 0.059375
1 0.904375 0.18125 0.01375 0.05625
1 0.980625 0.178125 0.01125 0.05
