0 0.534375 0.53547297 0.08375 0.15202703
0 0.43 0.51351351 0.055 0.10135135
0 0.364375 0.50506757 0.04125 0.07432432
0 0.3 0.50337838 0.0325 0.05743243
0 0.256875 0.50168919 0.02375 0.04391892
0 0.205625 0.50084459 0.02125 0.03885135
1 0.09625 0.50253378 0.0175 0.02871622
0 0.950625 0.61824324 0.09625 0.29054054
0 0.170625 0.5 0.01625 0.03378378
0 0.065625 0.5 0.01625 0.02702703
0 0.14875 0.49493243 0.01 0.02027027
0 0.115625 0.49746622 0.01125 0.02533784
0 0.036875 0.50337838 0.01125 0.02702703
1 0.021875 0.50168919 0.01125 0.02027027
