1 0.5 0.471875 0.04 0.06875
1 0.420625 0.4765625 0.04375 0.071875
0 0.078125 0.8109375 0.07625 0.240625
0 0.365 0.459375 0.0375 0.075
0 0.174375 0.546875 0.04375 0.125
0 0.21875 0.4109375 0.025 0.078125
0 0.22375 0.3734375 0.0175 0.059375
1 0.0725 0.415625 0.0225 0.06875
1 0.1025 0.3734375 0.0175 0.053125
0 0.54875 0.1765625 0.0175 0.071875
1 0.5 0.2859375 0.0175 0.059375
0 0.509375 0.3765625 0.01625 0.065625
1 0.47 0.3625 0.015 0.05625
0 0.46875 0.271875 0.01 0.04375
1 0.523125 0.278125 0.01625 0.0625
1 0.014375 0.4828125 0.02375 0.084375
1 0.120625 0.3265625 0.01375 0.034375
1 0.1525 0.315625 0.0125 0.03125
1 0.1075 0.334375 0.015 0.0375
1 0.091875 0.3546875 0.01375 0.040625
1 0.085 0.3515625 0.0125 0.040625
1 0.408125 0.403125 0.02375 0.0625
1 0.466875 0.1140625 0.01125 0.046875
0 0.22375 0.3375 0.0125 0.04375
0 0.210625 0.353125 0.01125 0.05
0 0.2 0.321875 0.01 0.0375
1 0.170625 0.3078125 0.00875 0.028125
0 0.4575 0.340625 0.01 0.04375
0 0.4775 0.0484375 0.01 0.053125
1 0.0475 0.3265625 0.0075 0.028125
1 0.135 0.3 0.0075 0.01875
1 0.091875 0.309375 0.01125 0.03125
1 0.435625 0.26875 0.01375 0.05
1 0.21 0.3 0.0075 0.025
0 0.20625 0.325 0.0075 0.03125
1 0.21625 0.290625 0.0075 0.025
1 0.238125 0.2953125 0.00875 0.021875
1 0.176875 0.2953125 0.00875 0.028125
