1 0.500625 0.475 0.04125 0.075
0 0.175625 0.54375 0.04625 0.1375
0 0.07375 0.8140625 0.075 0.228125
1 0.073125 0.415625 0.02375 0.075
1 0.420625 0.478125 0.04125 0.075
0 0.21875 0.409375 0.025 0.075
1 0.01625 0.4796875 0.03 0.090625
0 0.51 0.3765625 0.02 0.065625
1 0.481875 0.3546875 0.01875 0.053125
0 0.54875 0.1765625 0.0175 0.071875
1 0.5225 0.2796875 0.015 0.059375
0 0.47 0.271875 0.0125 0.04375
1 0.1075 0.3328125 0.0125 0.034375
1 0.12 0.325 0.0125 0.03125
1 0.15125 0.315625 0.0125 0.03125
1 0.41875 0.4234375 0.02 0.053125
1 0.1025 0.3734375 0.02 0.046875
0 0.22375 0.3796875 0.02 0.053125
0 0.223125 0.334375 0.01375 0.0375
0 0.20625 0.3296875 0.01 0.034375
0 0.21125 0.3546875 0.01 0.046875
1 0.170625 0.3078125 0.00875 0.028125
0 0.458125 0.340625 0.01375 0.04375
1 0.40875 0.440625 0.035 0.05625
1 0.0475 0.3265625 0.0075 0.028125
1 0.093125 0.309375 0.00875 0.025
1 0.17875 0.2953125 0.0075 0.021875
1 0.20875 0.3 0.01 0.025
1 0.085 0.3515625 0.0075 0.040625
1 0.090625 0.353125 0.01125 0.04375
1 0.4675 0.1109375 0.0125 0.046875
1 0.484375 0.3796875 0.02375 0.046875
1 0.24 0.2953125 0.0075 0.021875
1 0.13625 0.3 0.0075 0.025
