0 0.878125 0.51858108 0.09125 0.15202703
0 0.725625 0.49493243 0.05625 0.09459459
0 0.638125 0.48733108 0.03625 0.06925676
1 0.269375 0.52195946 0.05375 0.10472973
0 0.420625 0.48564189 0.01625 0.03209459
0 0.508125 0.48564189 0.02625 0.04222973
0 0.55875 0.48733108 0.035 0.05574324
1 0.209375 0.55236486 0.09625 0.14864865
0 0.45625 0.48648649 0.0175 0.03378378
1 0.309375 0.50591216 0.03375 0.06925676
0 0.39875 0.47972973 0.0075 0.02364865
0 0.353125 0.48817568 0.01125 0.02702703
0 0.3925 0.48141892 0.01 0.02364865
1 0.149375 0.49746622 0.01375 0.02871622
