1 0.39875 0.52449324 0.075 0.12331081
1 0.748125 0.50844595 0.04375 0.07432432
1 0.864375 0.49493243 0.01375 0.02364865
1 0.60125 0.51097973 0.0425 0.08277027
1 0.9175 0.5152027 0.0325 0.06418919
1 0.70125 0.4847973 0.01 0.02364865
1 0.253125 0.45777027 0.01125 0.02027027
1 0.456875 0.47043919 0.01125 0.02195946
1 0.546875 0.47635135 0.01125 0.02027027
1 0.946875 0.50253378 0.01375 0.02533784
0 0.834375 0.49408784 0.01125 0.01858108
1 0.7775 0.48986486 0.0125 0.02364865
1 0.353125 0.46452703 0.01125 0.02027027
1 0.1275 0.45101351 0.01 0.01689189
1 0.1625 0.45439189 0.0125 0.02027027
1 0.20625 0.45608108 0.01 0.02027027
1 0.295625 0.46030405 0.00875 0.01858108
1 0.088125 0.45101351 0.01125 0.01689189
1 0.03125 0.45439189 0.0125 0.03040541
1 0.045 0.45185811 0.0125 0.02533784
0 0.68625 0.48310811 0.0125 0.02027027
0 0.504375 0.47297297 0.00875 0.01689189
