1 0.750625 0.5859375 0.05875 0.159375
0 0.7125 0.4609375 0.0375 0.109375
0 0.64375 0.3671875 0.0225 0.065625
1 0.3225 0.515625 0.05 0.1375
1 0.420625 0.3703125 0.02375 0.071875
1 0.5775 0.3265625 0.0175 0.059375
0 0.376875 0.33125 0.01375 0.05625
0 0.299375 0.3109375 0.01375 0.053125
0 0.52125 0.3015625 0.01 0.040625
1 0.465 0.2671875 0.01 0.034375
1 0.44 0.2609375 0.01 0.034375
1 0.41625 0.2796875 0.0125 0.040625
1 0.200625 0.31875 0.02375 0.0625
1 0.09875 0.1796875 0.03 0.078125
1 0.091875 0.4453125 0.04125 0.109375
1 0.48625 0.278125 0.0075 0.0375
1 0.295625 0.25625 0.00875 0.03125
1 0.36 0.246875 0.01 0.03125
