0 0.8425 0.59206081 0.1725 0.24493243
0 0.486875 0.53800676 0.08875 0.14695946
1 0.2075 0.51013514 0.04 0.06418919
0 0.585625 0.51942568 0.05125 0.09290541
0 0.705 0.50760135 0.0375 0.07263514
1 0.3625 0.50422297 0.03 0.05574324
0 0.768125 0.5 0.03375 0.05743243
1 0.73375 0.48986486 0.0225 0.04391892
1 0.445625 0.49070946 0.01875 0.03885135
1 0.2575 0.49577703 0.0175 0.03547297
0 0.415625 0.48817568 0.01125 0.02702703
1 0.109375 0.50168919 0.02125 0.03378378
1 0.01375 0.53547297 0.0275 0.07094595
0 0.151875 0.49662162 0.01625 0.03040541
1 0.04 0.50337838 0.015 0.02702703
0 0.688125 0.48648649 0.02125 0.03716216
