0 0.07625 0.8078125 0.075 0.228125
1 0.500625 0.475 0.03625 0.08125
0 0.175 0.540625 0.05 0.1375
1 0.420625 0.484375 0.04375 0.0875
0 0.549375 0.171875 0.02125 0.08125
1 0.015 0.4875 0.0275 0.0875
1 0.073125 0.4140625 0.02375 0.071875
0 0.218125 0.4140625 0.02375 0.078125
1 0.103125 0.3734375 0.02125 0.053125
1 0.485625 0.3765625 0.02375 0.046875
1 0.409375 0.4453125 0.03375 0.059375
1 0.09125 0.353125 0.0125 0.04375
1 0.15125 0.315625 0.01 0.03125
1 0.52125 0.2796875 0.0175 0.059375
0 0.509375 0.3765625 0.01625 0.059375
0 0.46875 0.271875 0.01 0.04375
1 0.469375 0.3609375 0.01375 0.053125
1 0.4175 0.425 0.025 0.06875
0 0.21125 0.3578125 0.015 0.059375
1 0.12 0.3265625 0.0125 0.034375
0 0.224375 0.3734375 0.01625 0.053125
0 0.4575 0.340625 0.015 0.05
1 0.17125 0.309375 0.01 0.03125
1 0.466875 0.1078125 0.01625 0.046875
1 0.435625 0.2671875 0.01125 0.040625
1 0.106875 0.3359375 0.01375 0.040625
0 0.221875 0.3359375 0.01125 0.040625
1 0.20875 0.3 0.0075 0.025
