0 0.6825 0.47804054 0.0325 0.06081081
0 0.645 0.43158784 0.02 0.03885135
1 0.7075 0.40878378 0.015 0.02702703
0 0.59 0.42060811 0.0125 0.02702703
1 0.791875 0.41722973 0.01875 0.03378378
0 0.53625 0.41300676 0.0125 0.02195946
0 0.484375 0.40540541 0.01375 0.02364865
1 0.954375 0.43412162 0.02125 0.04054054
1 0.634375 0.40371622 0.01125 0.02702703
1 0.584375 0.39949324 0.01375 0.02195946
0 0.3675 0.40540541 0.0075 0.01013514
1 0.511875 0.40033784 0.01375 0.02702703
1 0.33625 0.39358108 0.01 0.01689189
