0 0.70875 0.55912162 0.105 0.18243243
0 0.505625 0.53040541 0.05375 0.10810811
0 0.163125 0.53462838 0.02875 0.05574324
0 0.38625 0.53040541 0.04 0.08445946
1 0.28625 0.52787162 0.0325 0.06587838
0 0.259375 0.51942568 0.01625 0.03547297
1 0.114375 0.53462838 0.02375 0.04898649
0 0.575625 0.49577703 0.01375 0.02871622
0 0.438125 0.50675676 0.01375 0.03040541
0 0.349375 0.51097973 0.01375 0.03209459
0 0.180625 0.52618243 0.01625 0.03885135
1 0.0925 0.53293919 0.02 0.03885135
1 0.060625 0.52195946 0.00875 0.01351351
1 0.464375 0.49577703 0.01375 0.03209459
1 0.33375 0.50506757 0.01 0.02702703
0 0.608125 0.49070946 0.00875 0.02533784
1 0.41 0.49577703 0.0125 0.01858108
