1 0.59375 0.45692568 0.03 0.05236486
1 0.700625 0.52027027 0.04375 0.08108108
0 0.189375 0.50337838 0.02875 0.06081081
1 0.476875 0.42060811 0.01875 0.03716216
1 0.3525 0.40287162 0.0125 0.02871622
0 0.153125 0.43243243 0.01875 0.03378378
0 0.103125 0.41807432 0.01625 0.03209459
0 0.204375 0.45692568 0.02375 0.04560811
0 0.059375 0.41469595 0.01375 0.03547297
1 0.243125 0.3902027 0.01125 0.02364865
1 0.1575 0.38344595 0.0125 0.02027027
1 0.109375 0.38006757 0.01625 0.02027027
1 0.659375 0.35304054 0.00875 0.02364865
1 0.0625 0.375 0.0125 0.02364865
