0 0.751875 0.53293919 0.08125 0.14695946
0 0.511875 0.5 0.05125 0.09797297
0 0.426875 0.48817568 0.03875 0.07432432
0 0.364375 0.47804054 0.02875 0.05743243
0 0.30125 0.47212838 0.025 0.04898649
0 0.25375 0.46875 0.0175 0.03885135
0 0.201875 0.46537162 0.01625 0.03547297
1 0.02625 0.5 0.0525 0.12162162
1 0.041875 0.48141892 0.03625 0.08783784
1 0.06125 0.47297297 0.0325 0.06756757
0 0.161875 0.46283784 0.01625 0.03040541
0 0.1275 0.45777027 0.0125 0.02364865
0 0.088125 0.46030405 0.01375 0.02533784
