0 0.534375 0.50168919 0.03125 0.06081081
0 0.60375 0.51097973 0.045 0.07939189
0 0.79125 0.52871622 0.0675 0.11824324
1 0.229375 0.51942568 0.05125 0.08614865
0 0.47625 0.49831081 0.0275 0.05405405
0 0.4175 0.49408784 0.02 0.04222973
1 0.146875 0.55152027 0.08375 0.16385135
0 0.325625 0.48902027 0.01625 0.03209459
0 0.375625 0.49070946 0.01625 0.03547297
1 0.29 0.48902027 0.0125 0.02871622
1 0.045 0.49155405 0.015 0.03040541
1 0.021875 0.48902027 0.01625 0.02871622
1 0.05625 0.48648649 0.0125 0.02702703
1 0.20125 0.49408784 0.02 0.04898649
0 0.256875 0.4839527 0.01125 0.02195946
1 0.046875 0.69510135 0.09375 0.28547297
1 0.17375 0.48648649 0.02 0.05067568
1 0.1025 0.48648649 0.01 0.02702703
