1 0.6525 0.409375 0.045 0.1625
1 0.88125 0.4765625 0.0575 0.215625
1 0.038125 0.66875 0.07625 0.25625
0 0.075 0.4421875 0.05 0.190625
1 0.309375 0.3515625 0.03625 0.128125
0 0.364375 0.3015625 0.03125 0.115625
1 0.633125 0.2859375 0.03125 0.109375
0 0.591875 0.259375 0.02625 0.09375
1 0.508125 0.209375 0.02375 0.08125
0 0.274375 0.24375 0.02625 0.09375
0 0.390625 0.228125 0.02375 0.0875
0 0.543125 0.1875 0.02125 0.075
1 0.810625 0.8578125 0.06875 0.271875
1 0.748125 0.3 0.03625 0.13125
1 0.698125 0.1546875 0.03125 0.115625
1 0.568125 0.153125 0.01375 0.05625
1 0.4875 0.1203125 0.0175 0.065625
0 0.580625 0.13125 0.01125 0.04375
0 0.72875 0.05625 0.0425 0.075
0 0.596875 0.15625 0.01125 0.04375
0 0.6075 0.1125 0.01 0.04375
