0 0.130625 0.50844595 0.04125 0.0777027
0 0.25625 0.43243243 0.0225 0.04391892
1 0.61375 0.44679054 0.03 0.05574324
1 0.53125 0.39949324 0.02 0.03209459
0 0.04375 0.40625 0.0225 0.03885135
0 0.274375 0.40371622 0.01625 0.03378378
0 0.203125 0.38682432 0.01375 0.02702703
0 0.26375 0.38175676 0.0125 0.02702703
1 0.504375 0.38006757 0.01375 0.02364865
1 0.36375 0.36993243 0.01 0.02027027
1 0.4675 0.37331081 0.01 0.02027027
1 0.27875 0.36739865 0.01 0.01858108
1 0.191875 0.36739865 0.01125 0.02195946
