0 0.95625 0.54054054 0.0825 0.14189189
0 0.70875 0.51182432 0.0525 0.08445946
0 0.593125 0.49408784 0.03375 0.06925676
1 0.14375 0.54222973 0.0825 0.15540541
1 0.245625 0.51351351 0.04875 0.10135135
0 0.47125 0.48733108 0.0225 0.04222973
0 0.41375 0.48564189 0.02 0.03885135
0 0.529375 0.48986486 0.02875 0.05405405
0 0.33875 0.47972973 0.02 0.03716216
1 0.104375 0.48057432 0.02375 0.03885135
1 0.21 0.48986486 0.0225 0.05067568
0 0.278125 0.47212838 0.01375 0.02533784
1 0.044375 0.47719595 0.02125 0.03885135
1 0.26125 0.44679054 0.015 0.02871622
0 0.0725 0.46706081 0.015 0.03209459
0 0.2 0.47466216 0.0125 0.03040541
