0 0.164375 0.56587838 0.06375 0.09797297
0 0.219375 0.47381757 0.02875 0.05912162
1 0.634375 0.47381757 0.03625 0.06925676
1 0.543125 0.43665541 0.02375 0.04560811
1 0.43125 0.41047297 0.0175 0.03040541
0 0.2 0.44003378 0.0225 0.04222973
1 0.19875 0.38766892 0.015 0.02533784
1 0.309375 0.39611486 0.01375 0.02533784
0 0.13375 0.42314189 0.0175 0.03547297
0 0.075625 0.41216216 0.01625 0.03378378
1 0.106875 0.38006757 0.01375 0.02364865
1 0.054375 0.37668919 0.01125 0.02364865
0 0.024375 0.40878378 0.01625 0.03716216
