1 0.103125 0.55912162 0.08375 0.125
1 0.268125 0.52618243 0.05125 0.07939189
0 0.72375 0.51689189 0.055 0.09797297
1 0.4025 0.50929054 0.0325 0.05912162
0 0.95375 0.54983108 0.085 0.19087838
1 0.510625 0.5 0.02625 0.05067568
1 0.883125 0.48817568 0.03125 0.05743243
1 0.63 0.49324324 0.0225 0.04391892
1 0.775625 0.4839527 0.02375 0.04560811
1 0.57875 0.47888514 0.0125 0.02533784
1 0.645625 0.48141892 0.01375 0.02364865
1 0.380625 0.48648649 0.01125 0.01689189
0 0.56625 0.48226351 0.0075 0.0152027
1 0.43625 0.48733108 0.01 0.01858108
1 0.8625 0.47550676 0.01 0.02195946
1 0.92625 0.47466216 0.0175 0.02702703
0 0.74125 0.49915541 0.03 0.0625
1 0.790625 0.47804054 0.01375 0.02364865
0 0.680625 0.47972973 0.00875 0.01689189
0 0.845625 0.47719595 0.00875 0.01858108
1 0.19625 0.48986486 0.0125 0.02027027
0 0.45 0.48564189 0.0075 0.0152027
1 0.238125 0.49070946 0.00875 0.02195946
1 0.296875 0.48817568 0.00875 0.02027027
1 0.089375 0.49493243 0.00875 0.01689189
1 0.898125 0.47804054 0.02125 0.04054054
