1 0.506875 0.57179054 0.12125 0.1875
1 0.201875 0.66469595 0.21875 0.40033784
1 0.595 0.53462838 0.06 0.10641892
0 0.933125 0.51858108 0.05125 0.08445946
0 0.81 0.51097973 0.04 0.06587838
0 0.683125 0.50506757 0.03125 0.05743243
1 0.45 0.51013514 0.03 0.06418919
1 0.405625 0.50506757 0.02875 0.05405405
1 0.3725 0.5 0.025 0.04391892
1 0.33125 0.49915541 0.02 0.04222973
0 0.62125 0.49831081 0.025 0.05067568
0 0.56125 0.49662162 0.02 0.04391892
1 0.2875 0.49831081 0.0175 0.03716216
1 0.243125 0.49746622 0.01625 0.03209459
1 0.158125 0.49915541 0.01375 0.02533784
1 0.129375 0.49831081 0.01125 0.02364865
1 0.120625 0.49831081 0.01375 0.02702703
1 0.0675 0.49493243 0.0125 0.02364865
