1 0.21914063 0.44583333 0.02890625 0.08055556
1 0.68007812 0.55902778 0.03203125 0.10972222
1 0.60195312 0.36458333 0.01171875 0.03472222
1 0.59023437 0.32847222 0.00859375 0.02361111
1 0.85351562 0.43888889 0.01484375 0.03888889
1 0.43046875 0.33194444 0.0125 0.03333333
1 0.47578125 0.30625 0.0078125 0.02083333
1 0.584375 0.31111111 0.0078125 0.01944444
1 0.48984375 0.29652778 0.0078125 0.01527778
1 0.9203125 0.44375 0.0078125 0.02361111
1 0.8640625 0.40972222 0.0078125 0.02222222
1 0.95976562 0.44375 0.00859375 0.02083333
1 0.859375 0.39444444 0.0078125 0.01388889
