0 0.755625 0.52871622 0.05625 0.09459459
0 0.64375 0.50929054 0.035 0.06587838
1 0.28 0.51689189 0.0675 0.11148649
1 0.065625 0.60388514 0.13125 0.32263514
0 0.515625 0.49915541 0.02625 0.05574324
0 0.434375 0.49239865 0.02375 0.04222973
0 0.478125 0.48817568 0.01875 0.04054054
1 0.171875 0.4847973 0.03625 0.06081081
1 0.365625 0.48310811 0.01375 0.02702703
0 0.5875 0.49155405 0.01 0.02702703
1 0.406875 0.47888514 0.01125 0.02533784
0 0.543125 0.49155405 0.01625 0.03716216
1 0.21625 0.47888514 0.02 0.04222973
0 0.573125 0.48648649 0.01125 0.02364865
1 0.345 0.47635135 0.0125 0.02702703
0 0.598125 0.48817568 0.01375 0.03040541
1 0.113125 0.46875 0.01125 0.02533784
1 0.393125 0.46621622 0.01125 0.02364865
1 0.193125 0.47212838 0.00875 0.02533784
1 0.19 0.48057432 0.0175 0.04898649
