0 0.68125 0.47719595 0.035 0.05912162
0 0.644375 0.43327703 0.01875 0.03547297
0 0.590625 0.41976351 0.01625 0.02871622
1 0.705625 0.40878378 0.01375 0.02364865
1 0.790625 0.41722973 0.01625 0.03040541
0 0.536875 0.41300676 0.01125 0.02533784
1 0.955625 0.43496622 0.02625 0.04222973
1 0.634375 0.40456081 0.01125 0.02195946
1 0.423125 0.39611486 0.00875 0.01858108
0 0.485625 0.40878378 0.01125 0.02027027
1 0.510625 0.39864865 0.01125 0.02027027
0 0.435 0.40540541 0.01 0.01689189
0 0.36875 0.40540541 0.0075 0.01689189
