0 0.69375 0.6015625 0.055 0.165625
1 0.668125 0.428125 0.02875 0.0875
1 0.415625 0.3921875 0.02375 0.078125
1 0.290625 0.51875 0.04375 0.13125
1 0.226875 0.4140625 0.03125 0.090625
1 0.46 0.328125 0.015 0.05
0 0.423125 0.30625 0.01125 0.04375
1 0.581875 0.3109375 0.01125 0.034375
0 0.53625 0.29375 0.0075 0.03125
1 0.234375 0.1828125 0.01875 0.053125
1 0.25375 0.3578125 0.0225 0.065625
1 0.288125 0.29375 0.01625 0.04375
0 0.36125 0.2921875 0.01 0.040625
1 0.505 0.275 0.0075 0.03125
0 0.631875 0.3390625 0.01375 0.046875
0 0.66625 0.3828125 0.0225 0.059375
1 0.446875 0.271875 0.00875 0.03125
1 0.464375 0.2546875 0.00875 0.034375
