1 0.87265625 0.64305556 0.04375 0.10555556
1 0.31210938 0.44097222 0.03046875 0.08472222
0 0.25664063 0.35555556 0.01953125 0.05555556
1 0.41289063 0.375 0.01796875 0.05277778
0 0.0640625 0.34166667 0.01875 0.05555556
1 0.703125 0.40555556 0.0140625 0.04166667
1 0.67617187 0.36875 0.01015625 0.02361111
0 0.43085937 0.30625 0.01171875 0.02916667
1 0.50664062 0.31597222 0.01171875 0.02638889
1 0.5421875 0.30555556 0.0078125 0.01944444
1 0.66484375 0.33611111 0.0078125 0.01666667
1 0.66796875 0.34652778 0.0078125 0.01805556
