0 0.673125 0.52871622 0.05875 0.10810811
0 0.94625 0.56587838 0.1 0.18581081
0 0.480625 0.51266892 0.04375 0.08277027
1 0.028125 0.51266892 0.04125 0.08277027
1 0.29625 0.50168919 0.0225 0.04391892
1 0.4225 0.50929054 0.035 0.06925676
0 0.59375 0.50253378 0.0225 0.04898649
1 0.208125 0.50337838 0.02625 0.05067568
1 0.085 0.50760135 0.03 0.05574324
1 0.734375 0.49831081 0.01875 0.03716216
0 0.706875 0.5 0.02125 0.04391892
1 0.633125 0.49408784 0.01875 0.03885135
1 0.810625 0.49577703 0.01875 0.03547297
0 0.79125 0.4839527 0.0125 0.02871622
1 0.8625 0.49408784 0.02 0.03209459
0 0.8275 0.50253378 0.025 0.04222973
1 0.40625 0.49662162 0.02 0.04391892
1 0.124375 0.4847973 0.01125 0.02702703
1 0.335 0.48226351 0.0075 0.01858108
1 0.50375 0.50253378 0.02 0.04560811
1 0.545625 0.4847973 0.00875 0.02027027
1 0.386875 0.48226351 0.01125 0.02533784
