1 0.905625 0.490625 0.04625 0.1375
1 0.835 0.3765625 0.035 0.090625
0 0.16 0.6890625 0.085 0.221875
0 0.32125 0.4171875 0.03 0.096875
1 0.260625 0.3765625 0.02625 0.084375
1 0.653125 0.3828125 0.03125 0.078125
1 0.548125 0.28125 0.00875 0.0375
1 0.645 0.265625 0.01 0.0375
0 0.671875 0.3203125 0.01625 0.053125
1 0.768125 0.3296875 0.01875 0.071875
0 0.46875 0.3078125 0.01 0.046875
0 0.6875 0.2953125 0.01 0.040625
1 0.58875 0.246875 0.0075 0.03125
1 0.05 0.1796875 0.0325 0.115625
1 0.67625 0.2515625 0.0075 0.040625
0 0.605 0.9640625 0.065 0.065625
