0 0.873125 0.54814189 0.10875 0.18412162
0 0.559375 0.52280405 0.05375 0.10641892
1 0.41875 0.51435811 0.0375 0.07939189
0 0.316875 0.51182432 0.03125 0.06418919
0 0.228125 0.51097973 0.02875 0.05236486
1 0.07625 0.51182432 0.015 0.03378378
0 0.023125 0.5160473 0.02375 0.04560811
1 0.139375 0.51182432 0.02375 0.05067568
1 0.101875 0.50929054 0.01375 0.02871622
1 0.18 0.50506757 0.0125 0.02702703
1 0.25375 0.5 0.0125 0.02702703
0 0.159375 0.50760135 0.01375 0.02871622
1 0.271875 0.50084459 0.01125 0.02533784
0 0.385 0.49831081 0.0075 0.02027027
1 0.300625 0.49831081 0.01125 0.03040541
1 0.170625 0.50337838 0.00875 0.02364865
0 0.37875 0.49831081 0.0075 0.01689189
0 0.006875 0.5152027 0.01375 0.04054054
1 0.118125 0.50506757 0.01125 0.02364865
1 0.038125 0.50591216 0.00875 0.02195946
