0 0.77375 0.51435811 0.07 0.11655405
0 0.601875 0.50591216 0.04125 0.07601351
0 0.524375 0.49746622 0.02625 0.05574324
0 0.41 0.5 0.025 0.05405405
0 0.3375 0.50168919 0.0175 0.04054054
1 0.066875 0.59121622 0.12875 0.19594595
1 0.20625 0.53462838 0.055 0.09966216
1 0.17875 0.52364865 0.03 0.07094595
0 0.43875 0.48986486 0.015 0.03378378
0 0.376875 0.49662162 0.01875 0.03716216
1 0.269375 0.49831081 0.01625 0.02702703
0 0.480625 0.48564189 0.01125 0.02871622
1 0.24625 0.49577703 0.0125 0.02533784
0 0.491875 0.48141892 0.01125 0.02702703
0 0.47 0.48226351 0.01 0.02195946
1 0.309375 0.49239865 0.01125 0.02195946
0 0.160625 0.5 0.01375 0.02364865
1 0.123125 0.51182432 0.02125 0.04054054
