1 0.659375 0.52618243 0.06875 0.13006757
1 0.3675 0.54222973 0.0875 0.15878378
1 0.838125 0.51858108 0.05125 0.10135135
1 0.56375 0.47719595 0.015 0.02871622
1 0.48625 0.48057432 0.015 0.02871622
0 0.5125 0.47466216 0.0125 0.02027027
1 0.229375 0.48057432 0.01375 0.02533784
1 0.39375 0.47888514 0.02 0.02871622
1 0.3025 0.48057432 0.0125 0.02871622
1 0.174375 0.47719595 0.01375 0.02533784
1 0.08625 0.47550676 0.015 0.02195946
1 0.62 0.47719595 0.015 0.02871622
0 0.455625 0.47466216 0.01375 0.02364865
0 0.24625 0.47381757 0.0075 0.01858108
0 0.595 0.47128378 0.0125 0.02027027
1 0.134375 0.47635135 0.01125 0.02364865
0 0.5525 0.47297297 0.01 0.02027027
1 0.72875 0.47719595 0.0125 0.02533784
1 0.893125 0.47466216 0.01125 0.02364865
0 0.12 0.47466216 0.01 0.01689189
0 0.18625 0.47297297 0.01 0.02027027
0 0.741875 0.47128378 0.01125 0.02027027
1 0.8175 0.47550676 0.0125 0.02195946
1 0.868125 0.46706081 0.00875 0.01858108
0 0.801875 0.47043919 0.01125 0.01858108
0 0.85125 0.47212838 0.01 0.01858108
0 0.97 0.47043919 0.01 0.02195946
0 0.905 0.47128378 0.01 0.02027027
0 0.881875 0.46621622 0.00875 0.02027027
0 0.0675 0.47297297 0.01 0.01689189
0 0.00875 0.47381757 0.01 0.01858108
1 0.953125 0.47550676 0.02125 0.02871622
1 0.040625 0.47466216 0.01375 0.02364865
