1 0.524375 0.53040541 0.11375 0.20945946
0 0.704375 0.4535473 0.02125 0.04222973
0 0.635 0.4527027 0.02 0.03378378
0 0.81 0.45861486 0.025 0.04560811
0 0.664375 0.45016892 0.02125 0.03547297
0 0.889375 0.46452703 0.03625 0.06418919
0 0.72125 0.44763514 0.0125 0.03040541
0 0.759375 0.44763514 0.01375 0.03040541
1 0.396875 0.44679054 0.01375 0.02871622
1 0.570625 0.4847973 0.05875 0.11486486
1 0.175625 0.45608108 0.01375 0.02702703
1 0.44875 0.45523649 0.0175 0.04222973
1 0.244375 0.45101351 0.01375 0.02702703
1 0.330625 0.44847973 0.01125 0.02533784
1 0.34125 0.44594595 0.01 0.02027027
1 0.09625 0.46030405 0.015 0.02533784
0 0.0375 0.45945946 0.015 0.02702703
1 0.156875 0.45608108 0.01375 0.02364865
1 0.686875 0.44425676 0.01125 0.02364865
0 0.768125 0.44594595 0.01375 0.02702703
