1 0.381875 0.53800676 0.08625 0.15033784
1 0.66375 0.51351351 0.0625 0.09797297
1 0.825 0.50760135 0.0475 0.08614865
1 0.876875 0.50253378 0.04125 0.07601351
0 0.949375 0.48817568 0.02125 0.04054054
0 0.73625 0.47972973 0.02 0.03716216
1 0.710625 0.48902027 0.02625 0.04560811
1 0.463125 0.47972973 0.01875 0.03716216
0 0.526875 0.46959459 0.01875 0.04054054
0 0.45375 0.46790541 0.0175 0.03716216
1 0.1225 0.46706081 0.0175 0.03209459
1 0.190625 0.47043919 0.01625 0.03209459
1 0.26875 0.47550676 0.0175 0.03209459
0 0.2825 0.46114865 0.015 0.03040541
0 0.16125 0.46030405 0.0125 0.02871622
0 0.366875 0.46537162 0.01625 0.03209459
1 0.04875 0.46621622 0.0175 0.03040541
0 0.22125 0.45945946 0.0125 0.02702703
0 0.081875 0.45945946 0.01375 0.02702703
