0 0.076875 0.80625 0.07125 0.21875
1 0.500625 0.46875 0.03875 0.075
1 0.073125 0.415625 0.02125 0.06875
0 0.17375 0.5453125 0.0425 0.128125
0 0.218125 0.4125 0.02375 0.06875
1 0.103125 0.375 0.01875 0.05
1 0.12 0.325 0.0125 0.04375
1 0.42125 0.4828125 0.04 0.071875
0 0.548125 0.175 0.01875 0.075
0 0.509375 0.3765625 0.01625 0.059375
1 0.52125 0.278125 0.0175 0.0625
1 0.435 0.265625 0.0125 0.04375
1 0.485 0.375 0.025 0.05
0 0.223125 0.3328125 0.00875 0.040625
0 0.46875 0.271875 0.0125 0.04375
1 0.40875 0.4125 0.025 0.05
1 0.015 0.4828125 0.025 0.084375
1 0.1075 0.334375 0.0125 0.03125
0 0.21125 0.3515625 0.0125 0.046875
1 0.090625 0.3515625 0.01125 0.040625
1 0.15125 0.3109375 0.0125 0.034375
1 0.17125 0.30625 0.0075 0.025
0 0.22125 0.375 0.02 0.05625
1 0.084375 0.3515625 0.01125 0.040625
1 0.046875 0.3265625 0.00875 0.028125
0 0.458125 0.3390625 0.01625 0.046875
1 0.0925 0.3109375 0.0075 0.028125
1 0.40875 0.44375 0.0375 0.06875
1 0.21625 0.29375 0.0075 0.03125
