1 0.165 0.503125 0.06 0.2
0 0.03 0.4203125 0.0525 0.159375
1 0.383125 0.3359375 0.03875 0.128125
0 0.855 0.4953125 0.06 0.196875
1 0.646875 0.3734375 0.04375 0.153125
0 0.95875 0.3 0.04 0.13125
1 0.798125 0.240625 0.02875 0.09375
1 0.606875 0.196875 0.01625 0.06875
0 0.531875 0.18125 0.01375 0.05
1 0.035625 0.21875 0.01875 0.0625
0 0.21 0.2 0.0125 0.05625
1 0.2275 0.23125 0.0175 0.075
1 0.183125 0.1859375 0.01125 0.046875
1 0.39 0.228125 0.0225 0.05
1 0.565625 0.1625 0.01125 0.05
1 0.361875 0.1875 0.01375 0.05625
1 0.265 0.18125 0.0125 0.05
0 0.9725 0.1796875 0.0275 0.046875
0 0.409375 0.1765625 0.01125 0.053125
1 0.976875 0.825 0.04375 0.3
0 0.02125 0.2 0.0125 0.05
0 0.673125 0.1609375 0.01125 0.053125
